[[8,[[7,10,10,5],[8,4,9]],3,5],[[[3,9,4],5,[7,5,5]],[[3,2,5],[10],[5,5],0,[8]]],[4,2,[],[[7,5,6,3,0],[4,4,10,7],6,[8,10,9]]],[[4,[],4],10,1]]
[[[[8],[3,10],[7,6,3,7,4],1,8]]]

[[8,[[7]]]]
[[[[8],[3]]]]

[[8,[[7]]]]
[[[[8]]]]

[[21,24],43]
[[21,24],43]

[[],5]
[[],3]

[[[[7],[2,5],[4,1,10,9]],[[],[6,0,2,1],[0],[7,0],9],8,[6],9],[4,[],[]],[2]]
[[7],[[6,6]]]

[[1,[2,[10,8,2,1,1]],0]]
[[[1]],[[[2,4,10,2],[]],3,8],[9,3,[5,[3,0],[0],[4]],6,[[9,8,3,7],4,[10,10,8],10,[6,6]]],[[[3],7,[],[10,5]],0],[5,[[3,9,0,2,1],0,[4,5,2],[6]]]]

